Wed Apr 13 22:52:08 2022
1 

Wed Apr 13 22:52:09 2022
1 2 

Wed Apr 13 22:52:10 2022
1 2 3 

Wed Apr 13 22:52:11 2022
1 2 3 4 

Wed Apr 13 22:52:12 2022
1 2 3 4 5 

Wed Apr 13 22:52:20 2022
1 2 3 4 5 444 

Wed Apr 13 22:52:21 2022
1 2 3 4 5 444 2 

Wed Apr 13 22:52:22 2022
1 2 3 4 5 444 2 12 

Wed Apr 13 22:52:23 2022
1 2 3 4 5 444 2 12 332 

Wed Apr 13 22:52:24 2022
1 2 3 4 5 444 2 12 332 1123 

Wed Apr 13 22:52:26 2022
1 2 3 4 5 444 2 12 332 1123 2 

Wed Apr 13 22:52:27 2022
1 2 3 4 5 444 2 12 332 1123 2 2 

Wed Apr 13 22:52:28 2022
1 2 3 4 5 444 2 12 332 1123 2 2 2 

Wed Apr 13 22:52:29 2022
1 2 3 4 5 444 2 12 332 1123 2 2 2 2 

Wed Apr 13 22:52:33 2022
1 2 3 4 5 444 2 12 332 1123 2 2 2 2 1 

Wed Apr 13 22:52:34 2022
1 2 3 4 5 444 2 12 332 1123 2 2 2 2 1 12 

Wed Apr 13 22:52:35 2022
1 2 3 4 5 444 2 12 332 1123 2 2 2 2 1 12 1 

Wed Apr 13 22:52:36 2022
1 2 3 4 5 444 2 12 332 1123 2 2 2 2 1 12 1 1 

Wed Apr 13 22:52:37 2022
1 2 3 4 5 444 2 12 332 1123 2 2 2 2 1 12 1 1 11 

Wed Apr 13 22:52:38 2022
1 2 3 4 5 444 2 12 332 1123 2 2 2 2 1 12 1 1 11 11 

Wed Apr 13 22:52:39 2022
1 2 3 4 5 444 2 12 332 1123 2 2 2 2 1 12 1 1 11 11 11 

Wed Apr 13 22:52:40 2022
1 2 3 4 5 444 2 12 332 1123 2 2 2 2 1 12 1 1 11 11 11 1 

Wed Apr 13 22:52:41 2022
1 2 3 4 5 444 2 12 332 1123 2 2 2 2 1 12 1 1 11 11 11 1 111 

Wed Apr 13 22:52:42 2022
1 2 3 4 5 444 2 12 332 1123 2 2 2 2 1 12 1 1 11 11 11 1 111 12 

Wed Apr 13 22:52:43 2022
1 2 3 4 5 444 2 12 332 1123 2 2 2 2 1 12 1 1 11 11 11 1 111 12 2 

Wed Apr 13 22:52:44 2022
1 2 3 4 5 444 2 12 332 1123 2 2 2 2 1 12 1 1 11 11 11 1 111 12 2 34 

Wed Apr 13 22:52:45 2022
1 2 3 4 5 444 2 12 332 1123 2 2 2 2 1 12 1 1 11 11 11 1 111 12 2 34 5 

Wed Apr 13 22:52:46 2022
1 2 3 4 5 444 2 12 332 1123 2 2 2 2 1 12 1 1 11 11 11 1 111 12 2 34 5 7 

